[(0, 4), (1, 9), (2, 0), (5, 8), (6, 1), (8, 12), (10, 9), (11, 0), (11, 5)]
376
376
....#........
.........#...
#............
.............
.............
........#....
.#...........
.............
............#
.............
.........#...
#....#.......
[(0, 22), (0, 34), (0, 41), (0, 55), (0, 99), (1, 0), (1, 27), (1, 66), (1, 88), (2, 75), (2, 83), (2, 119), (2, 130), (3, 143), (4, 6), (4, 37), (4, 62), (5, 25), (5, 49), (5, 111), (6, 13), (6, 32), (6, 55), (6, 91), (6, 125), (7, 117), (8, 44), (8, 72), (8, 138), (9, 0), (9, 86), (9, 102), (9, 121), (9, 128), (10, 9), (10, 79), (10, 95), (10, 108), (11, 54), (12, 5), (12, 20), (12, 68), (12, 112), (12, 132), (13, 125), (14, 44), (14, 59), (14, 101), (14, 142), (15, 10), (15, 39), (15, 116), (16, 79), (16, 107), (17, 3), (17, 23), (17, 52), (17, 94), (18, 18), (18, 46), (18, 103), (18, 131), (18, 140), (19, 29), (19, 66), (19, 75), (19, 120), (20, 7), (20, 87), (21, 80), (21, 108), (21, 145), (22, 101), (22, 117), (22, 137), (25, 13), (25, 60), (25, 67), (25, 94), (25, 127), (26, 1), (26, 55), (26, 77), (26, 106), (26, 114), (27, 29), (27, 99), (27, 143), (28, 9), (28, 48), (28, 63), (28, 119), (29, 20), (29, 41), (29, 73), (29, 137), (30, 26), (31, 89), (31, 130), (32, 7), (32, 54), (32, 115), (33, 44), (33, 69), (33, 84), (33, 98), (33, 140), (34, 34), (34, 110), (35, 4), (35, 40), (35, 144), (36, 29), (37, 14), (37, 24), (37, 74), (38, 55), (38, 63), (38, 126), (39, 10), (39, 20), (39, 89), (39, 104), (40, 48), (40, 99), (40, 118), (41, 35), (41, 84), (41, 112), (41, 146), (42, 2), (42, 40), (42, 122), (42, 140), (43, 12), (43, 106), (43, 131), (44, 52), (44, 68), (44, 76), (44, 91), (45, 86), (46, 45), (46, 57), (46, 113), (46, 120), (47, 25), (47, 134), (48, 19), (48, 36), (48, 100), (49, 5), (49, 11), (49, 54), (49, 116), (49, 143), (50, 0), (50, 76), (50, 96), (50, 106), (51, 23), (51, 39), (51, 69), (53, 32), (53, 48), (53, 63), (53, 113), (53, 121), (53, 130), (55, 14), (55, 55), (55, 93), (55, 109), (55, 137), (56, 2), (56, 28), (57, 68), (57, 98), (57, 117), (58, 9), (58, 83), (58, 126), (58, 140), (60, 19), (60, 45), (61, 52), (61, 78), (61, 102), (61, 145), (63, 2), (63, 14), (63, 29), (63, 119), (64, 22), (64, 73), (65, 39), (65, 89), (65, 96), (65, 114), (65, 143), (67, 44), (67, 56), (67, 126), (68, 25), (68, 35), (68, 69), (68, 105), (68, 133), (69, 8), (69, 61), (71, 0), (71, 19), (71, 40), (71, 52), (71, 73), (71, 79), (71, 138), (72, 12), (72, 116), (73, 27), (73, 90), (74, 37), (74, 95), (74, 106), (75, 46), (75, 67), (75, 120), (76, 14), (76, 60), (76, 75), (76, 101), (76, 145), (77, 6), (77, 25), (77, 87), (79, 54), (79, 97), (79, 132), (79, 139), (80, 43), (81, 22), (81, 49), (81, 92), (81, 105), (81, 127), (84, 29), (84, 37), (84, 83), (84, 122), (86, 11), (86, 53), (86, 73), (86, 88), (87, 47), (87, 59), (87, 97), (87, 116), (88, 19), (88, 80), (88, 110), (88, 124), (91, 13), (91, 39), (92, 21), (92, 45), (92, 98), (93, 59), (93, 75), (93, 85), (93, 140), (94, 5), (94, 66), (94, 111), (94, 134), (95, 10), (95, 26), (95, 34), (95, 79), (95, 119), (96, 53), (97, 1), (97, 107), (97, 115), (97, 125), (97, 144), (98, 39), (98, 101), (99, 23), (99, 47), (99, 86), (100, 128), (100, 141), (101, 35), (101, 62), (101, 122), (102, 11), (102, 68), (102, 94), (102, 113), (102, 134), (102, 146), (103, 54), (103, 74), (104, 0), (104, 28), (104, 38), (104, 79), (104, 90), (104, 101), (105, 129), (105, 142), (106, 21), (106, 48), (106, 86), (107, 7), (107, 106), (107, 112), (108, 57), (108, 67), (108, 77), (108, 99), (108, 145), (109, 42), (110, 26), (110, 33), (110, 62), (110, 72), (110, 89), (110, 116), (111, 13), (111, 46), (111, 124), (112, 52), (112, 94), (113, 102), (114, 21), (114, 137), (115, 0), (115, 44), (115, 66), (115, 115), (116, 73), (116, 86), (116, 123), (117, 14), (117, 24), (117, 49), (117, 57), (117, 98), (117, 108), (118, 39), (118, 79), (118, 145), (119, 20), (119, 62), (119, 92), (119, 131), (120, 8), (120, 32), (121, 26), (121, 110), (121, 121), (122, 0), (122, 68), (122, 88), (123, 41), (123, 74), (123, 104), (123, 128), (123, 141), (124, 52), (124, 114), (124, 146), (125, 60), (125, 132), (126, 95), (127, 6), (127, 17), (127, 24), (127, 109), (128, 45), (128, 73), (128, 91), (129, 29), (129, 38), (129, 124), (129, 139), (130, 20), (130, 119), (130, 130), (131, 49), (131, 60), (131, 105), (131, 112), (132, 85), (132, 134), (133, 67), (133, 90), (133, 99), (133, 141), (134, 9), (134, 53), (135, 58), (135, 77), (135, 121), (135, 131), (136, 37), (136, 94), (136, 109), (137, 18), (137, 42), (137, 48), (138, 0), (138, 25), (138, 86), (138, 146), (139, 117), (139, 128), (140, 21), (140, 53), (140, 100), (140, 106), (140, 123), (141, 39), (141, 62), (141, 78), (141, 141), (142, 4), (142, 14), (142, 72), (143, 87), (144, 29), (144, 108), (145, 8), (145, 56), (145, 97), (145, 131), (146, 23), (146, 41), (146, 76), (146, 84), (146, 113)]
9735439
9735439
Sum of the lengths in shortest path for Part One: 9735439
